Mean: 0.8856500000000007, SE: 0.0028741325888236467, STDEV: 0.09088805277998928, a: 0, b: 10, n: 1000, points: 1000, t: 0 s
Mean: 0.8857580000000007, SE: 0.0009050505263495028, STDEV: 0.09050505263495029, a: 0, b: 10, n: 10000, points: 1000, t: 2 s
