Mean: 0.8862269254527684, SE: 0.0000000000000003231582986733906, STDEV: 0.000000000000010219162685928838, a: 0, b: 10, n: 1000, traps: 1000, t: 0 s
Mean: 0.8862269254525982, SE: 0.0000000000000015999113760536426, STDEV: 0.00000000000015999113760536426, a: 0, b: 10, n: 10000, traps: 1000, t: 2 s
